-0  0.022538  -7.7623e-07  2.00561e-07  -0.00474324  -0.00484085  -9.59046e-08  5.16657e-06  -5.88982e-05  -0.000256084  
-0.022538  0  1.80836e-06  5.98012e-06  -0.0159768  -0.0143279  -1.58304e-06  1.63823e-05  -0.00106025  -0.00176353  
7.7623e-07  -1.80836e-06  0  -0.1126  3.53374e-07  3.30677e-07  -4.22559e-05  -0.000172074  2.99154e-07  2.79928e-07  
-2.00561e-07  -5.98012e-06  0.1126  0  -3.871e-07  -4.59954e-07  0.000171093  -4.20526e-05  -1.71783e-07  8.02785e-07  
0.00474324  0.0159768  -3.53374e-07  3.871e-07  -0  -0.0691153  -8.6632e-06  4.45493e-05  0.000288949  -0.00194457  
0.00484085  0.0143279  -3.30677e-07  4.59954e-07  0.0691153  -0  -1.15332e-05  4.69494e-05  -0.00479339  -0.00194912  
9.59046e-08  1.58304e-06  4.22559e-05  -0.000171093  8.6632e-06  1.15332e-05  -0  0.0341286  6.63511e-05  -1.39542e-05  
-5.16657e-06  -1.63823e-05  0.000172074  4.20526e-05  -4.45493e-05  -4.69494e-05  -0.0341286  0  0.000395456  -0.000404586  
5.88982e-05  0.00106025  -2.99154e-07  1.71783e-07  -0.000288949  0.00479339  -6.63511e-05  -0.000395456  0  0.000393967  
0.000256084  0.00176353  -2.79928e-07  -8.02785e-07  0.00194457  0.00194912  1.39542e-05  0.000404586  -0.000393967  -0  
