-1.13295  1.44254e-09  6.37306e-10  -1.44285e-09  7.20461e-10  -3.10079e-10  -2.02053e-09  -1.89987e-09  -2.65294e-09  2.60454e-09  
1.44254e-09  -0.546964  -2.73876e-09  -5.45647e-11  -1.54812e-09  1.4006e-09  3.78064e-09  3.18819e-09  -3.08789e-09  3.61667e-09  
6.37306e-10  -2.73876e-09  -0.411302  1.79315e-10  -6.61003e-10  -9.5964e-10  1.30495e-11  8.41845e-11  1.69277e-09  -1.99306e-09  
-1.44285e-09  -5.45647e-11  1.79315e-10  -0.411243  9.84819e-10  2.11512e-10  2.44847e-12  1.45533e-10  3.49364e-09  -2.8069e-09  
7.20461e-10  -1.54812e-09  -6.61003e-10  9.84819e-10  -0.0630722  -3.99509e-10  1.69574e-09  1.64399e-09  3.52159e-09  -3.43988e-09  
-3.10079e-10  1.4006e-09  -9.5964e-10  2.11512e-10  -3.99509e-10  0.0253034  1.50432e-09  1.50838e-09  4.64195e-09  -3.93531e-09  
-2.02053e-09  3.78064e-09  1.30495e-11  2.44847e-12  1.69574e-09  1.50432e-09  0.067038  -1.05361e-11  3.6065e-10  5.94995e-10  
-1.89987e-09  3.18819e-09  8.41845e-11  1.45533e-10  1.64399e-09  1.50838e-09  -1.05361e-11  0.0670626  3.65331e-10  5.05067e-10  
-2.65294e-09  -3.08789e-09  1.69277e-09  3.49364e-09  3.52159e-09  4.64195e-09  3.6065e-10  3.65331e-10  0.0761644  4.59066e-10  
2.60454e-09  3.61667e-09  -1.99306e-09  -2.8069e-09  -3.43988e-09  -3.93531e-09  5.94995e-10  5.05067e-10  4.59066e-10  0.0770321  
