-1.14647  0.00427067  -0.0119139  0.00460578  0.00207884  -0.0030117  -0.1088  -0.0589988  -0.0241594  0.0203636  
0.00427067  -0.552638  0.000888939  0.00386799  0.0161117  -0.00246627  0.00557121  0.00431563  0.0621496  -0.0480203  
-0.0119139  0.000888939  -0.413789  2.12865e-06  0.000538358  -0.00957307  0.026125  -0.00977578  0.0218491  -0.0164028  
0.00460578  0.00386799  2.12865e-06  -0.413726  0.00695682  0.0044761  0.00719408  0.0288377  0.0213805  -0.0164899  
0.00207884  0.0161117  0.000538358  0.00695682  -0.0602177  -0.00113889  -0.0980954  -0.0539085  -0.0312401  0.0291859  
-0.0030117  -0.00246627  -0.00957307  0.0044761  -0.00113889  0.0293849  -0.201403  -0.111924  0.0146647  -0.0454685  
-0.1088  0.00557121  0.026125  0.00719408  -0.0980954  -0.201403  0.067884  -0.00137629  -0.0246335  -0.0519981  
-0.0589988  0.00431563  -0.00977578  0.0288377  -0.0539085  -0.111924  -0.00137629  0.069947  0.000791067  -0.00276523  
-0.0241594  0.0621496  0.0218491  0.0213805  -0.0312401  0.0146647  -0.0246335  0.000791067  -0.340006  -0.0659639  
0.0203636  -0.0480203  -0.0164028  -0.0164899  0.0291859  -0.0454685  -0.0519981  -0.00276523  -0.0659639  0.482488  
