-1.13987  0.00210372  -0.00602384  0.0023427  0.00105273  -0.00116318  -0.0550498  -0.0298524  -0.0122985  0.0104008  
0.00210372  -0.549801  0.000444513  0.00193392  0.00892868  0.000444758  0.00278611  0.00215814  0.0312605  -0.024229  
-0.00602384  0.000444513  -0.412545  1.06433e-06  0.000188038  -0.0048824  0.0130625  -0.00488789  0.0109901  -0.00827999  
0.0023427  0.00193392  1.06433e-06  -0.412484  0.00431438  0.00339313  0.00359704  0.0144189  0.0107489  -0.00831069  
0.00105273  0.00892868  0.000188038  0.00431438  -0.0606847  -0.000258112  -0.0633554  -0.0347584  -0.0208403  0.0185005  
-0.00116318  0.000444758  -0.0048824  0.00339313  -0.000258112  0.02789  -0.113001  -0.0629211  0.0094015  -0.0243441  
-0.0550498  0.00278611  0.0130625  0.00359704  -0.0633554  -0.113001  0.067461  -0.000688143  -0.0124421  -0.0262961  
-0.0298524  0.00215814  -0.00488789  0.0144189  -0.0347584  -0.0629211  -0.000688143  0.0685048  0.000380764  -0.00140933  
-0.0122985  0.0312605  0.0109901  0.0107489  -0.0208403  0.0094015  -0.0124421  0.000380764  -0.134451  -0.0334931  
0.0104008  -0.024229  -0.00827999  -0.00831069  0.0185005  -0.0243441  -0.0262961  -0.00140933  -0.0334931  0.283517  
