-0  0.0116064  -3.98196e-07  1.02941e-07  -0.00414034  -0.00457088  2.84781e-06  -1.79494e-05  -0.000286445  0.000219541  
-0.0116064  -0  9.02016e-07  2.99339e-06  -0.00965931  -0.00590536  -8.49468e-07  9.10786e-06  -0.000274276  -0.000608355  
3.98196e-07  -9.02016e-07  -0  -0.0562999  2.22031e-07  1.22087e-07  -2.11296e-05  -8.60388e-05  1.40474e-07  1.33466e-07  
-1.02941e-07  -2.99339e-06  0.0562999  -0  -2.01622e-07  -2.28763e-07  8.55437e-05  -2.1029e-05  -8.74865e-08  4.04828e-07  
0.00414034  0.00965931  -2.22031e-07  2.01622e-07  0  -0.0518062  1.03331e-05  -8.4205e-05  -0.00246964  -0.000684224  
0.00457088  0.00590536  -1.22087e-07  2.28763e-07  0.0518062  0  -1.61649e-05  9.42591e-05  -0.00306877  -0.00401396  
-2.84781e-06  8.49468e-07  2.11296e-05  -8.55437e-05  -1.03331e-05  1.61649e-05  0  0.0170643  3.53223e-05  -4.56615e-06  
1.79494e-05  -9.10786e-06  8.60388e-05  2.1029e-05  8.4205e-05  -9.42591e-05  -0.0170643  0  0.000182851  -0.000219873  
0.000286445  0.000274276  -1.40474e-07  8.74865e-08  0.00246964  0.00306877  -3.53223e-05  -0.000182851  -0  -0.000274878  
-0.000219541  0.000608355  -1.33466e-07  -4.04828e-07  0.000684224  0.00401396  4.56615e-06  0.000219873  0.000274878  0  
