-0  0.0229363  -7.8696e-07  2.03507e-07  -0.00543187  -0.00717044  5.62748e-06  -3.54715e-05  -0.000558277  0.000415829  
-0.0229363  -0  1.8038e-06  5.98628e-06  -0.0150134  -0.0105654  -1.69901e-06  1.82153e-05  -0.000546304  -0.00120541  
7.8696e-07  -1.8038e-06  -0  -0.1126  3.48687e-07  2.19201e-07  -4.22591e-05  -0.000172078  2.79294e-07  2.64275e-07  
-2.03507e-07  -5.98628e-06  0.1126  -0  -3.1086e-07  -3.97469e-07  0.000171087  -4.20578e-05  -1.7403e-07  8.01632e-07  
0.00543187  0.0150134  -3.48687e-07  3.1086e-07  0  -0.0648518  1.61746e-05  -0.000130002  -0.0029689  -0.000423324  
0.00717044  0.0105654  -2.19201e-07  3.97469e-07  0.0648518  0  -2.7327e-05  0.000160709  -0.00533738  -0.00584219  
-5.62748e-06  1.69901e-06  4.22591e-05  -0.000171087  -1.61746e-05  2.7327e-05  0  0.0341286  7.01976e-05  -8.98359e-06  
3.54715e-05  -1.82153e-05  0.000172078  4.20578e-05  0.000130002  -0.000160709  -0.0341286  0  0.000363792  -0.00043613  
0.000558277  0.000546304  -2.79294e-07  1.7403e-07  0.0029689  0.00533738  -7.01976e-05  -0.000363792  -0  0.000373252  
-0.000415829  0.00120541  -2.64275e-07  -8.01632e-07  0.000423324  0.00584219  8.98359e-06  0.00043613  -0.000373252  0  
